[ 3566.183965] [Project1] 3005 1588513779.680824926 1588513780.586629899
[ 3568.002744] [Project1] 3006 1588513781.500500990 1588513782.405416289
[ 3569.853118] [Project1] 3008 1588513783.328621816 1588513784.255795242
[ 3571.693848] [Project1] 3009 1588513785.188088655 1588513786.096533623
[ 3573.570810] [Project1] 3010 1588513787.016028538 1588513787.973502828
[ 3575.403410] [Project1] 3011 1588513788.860266832 1588513789.806110564
[ 3577.091208] [Project1] 3012 1588513790.625350979 1588513791.493914778
[ 3578.832517] [Project1] 3013 1588513792.364207269 1588513793.235229389
[ 3580.549972] [Project1] 3014 1588513794.089200345 1588513794.952691933
[ 3582.407886] [Project1] 3015 1588513795.872900890 1588513796.810613200
